112321 01 KSBY  7   35   21  N-13  57
112321 02 KSBY  8   35   21  N-14  57
112321 03 KSBY  8   33   20 NW-12  59
112321 04 KSBY  7   32   20 NW-10  62
112321 05 KSBY  7   31   20 NW-10  59
112321 06 KSBY  8   30   20 NW-12  61
112321 07 KSBY  9   31   21 NW-14  59
112321 08 KSBY  9   34   21 NW-16  61
112321 09 KSBY  9   37   22 NW-18  54
112321 10 KSBY  9   40   22 NW-19  48
112321 11 KSBY  9   42   21 NW-20  43
112321 12 KSBY  9   43   20 NW-20  40
112321 13 KSBY  9   44   19 NW-19  37
112321 14 KSBY  9   44   18 NW-19  36
112321 15 KSBY  9   44   18 NW-19  36
112321 16 KSBY  9   43   19 NW-18  38
112321 17 KSBY  9   41   19 NW-14  43
112321 18 KSBY  9   38   20 NW-10  50
112321 19 KSBY  9   35   21 NW-06  57
112321 20 KSBY  9   34   21 NW-05  61