112321 01 KSBY  9   35   21  N-13  57
112321 02 KSBY  9   34   21  N-13  58
112321 03 KSBY  9   33   20 NW-11  59
112321 04 KSBY  9   32   20 NW-09  61
112321 05 KSBY  8   31   20 NW-10  55
112321 06 KSBY  9   31   20 NW-11  56
112321 07 KSBY  9   32   20 NW-14  62
112321 08 KSBY  9   34   20 NW-16  58
112321 09 KSBY  9   37   21 NW-18  52
112321 10 KSBY  9   40   22 NW-19  47
112321 11 KSBY  9   42   21 NW-20  43
112321 12 KSBY  9   43   20 NW-20  40
112321 13 KSBY  9   44   19 NW-19  38
112321 14 KSBY  9   44   19 NW-19  37
112321 15 KSBY  9   44   19 NW-19  37
112321 16 KSBY  9   42   19 NW-18  39
112321 17 KSBY  9   40   20 NW-14  44
112321 18 KSBY  9   37   20 NW-10  50
112321 19 KSBY  9   35   21 NW-06  56
112321 20 KSBY  9   34   21 NW-05  60